---
title: Erakondade valimisprogrammid ja tekstikaeve
date: '2019-03-03'
slug: erakondade-valimisprogrammide-tekstianalyys
---

<script src="/rmarkdown-libs/htmlwidgets/htmlwidgets.js"></script>
<script src="/rmarkdown-libs/jquery/jquery.min.js"></script>
<link href="/rmarkdown-libs/datatables-css/datatables-crosstalk.css" rel="stylesheet" />
<script src="/rmarkdown-libs/datatables-binding/datatables.js"></script>
<link href="/rmarkdown-libs/dt-core/css/jquery.dataTables.min.css" rel="stylesheet" />
<link href="/rmarkdown-libs/dt-core/css/jquery.dataTables.extra.css" rel="stylesheet" />
<script src="/rmarkdown-libs/dt-core/js/jquery.dataTables.min.js"></script>
<link href="/rmarkdown-libs/dt-ext-scroller/css/scroller.dataTables.min.css" rel="stylesheet" />
<script src="/rmarkdown-libs/dt-ext-scroller/js/dataTables.scroller.min.js"></script>
<link href="/rmarkdown-libs/crosstalk/css/crosstalk.css" rel="stylesheet" />
<script src="/rmarkdown-libs/crosstalk/js/crosstalk.min.js"></script>


<p>Valimispäeva puhul natuke visuaalset ülevaadet erakondade programmide tekstidest. Kõik tekstid on algvormistatud, korrastatud ja sagedased “sisutühjad” sõnad on eemaldatud. Seetõttu ei pruugi kõik sagedused olla samad, mis esialgses programmitekstis.</p>
<p>Erakondade programmides esinevad tegusõnad ja nende sagedused. Eemaldatud on tegusõnad <em>olema, pidama, toetama, tagama</em>, mis olid kõige sagedasemad kõigis programmides.</p>
<iframe seamless src="../d9/index.html" width="150%" height="500">
</iframe>
<p>Sagedasemad sõnapaarid (mõned sama sagedusega paarid on eemaldatud).</p>
<p>Sagedaste sõnapaaride tabel.</p>
<iframe seamless src="../d2/index.html" width="100%" height="500">
</iframe>
<p>Sagedaste sõnakolmikute loend:</p>
<iframe seamless src="../d1/index.html" width="100%" height="500">
</iframe>
<p>Sagedaste sõnade tabel.</p>
<iframe seamless src="../d3/index.html" width="150%" height="500">
</iframe>
<iframe src="file.html">
</iframe>
<p>Erakondade programmide sarnasus neis esinevate sõnade põhjal. Tumedam lilla osutab suuremale sarnasusele ning tumedam roheline väiksemale sarnasusele.</p>
<div id="htmlwidget-1" style="width:100%;height:auto;" class="datatables html-widget"></div>
<script type="application/json" data-for="htmlwidget-1">{"x":{"filter":"none","extensions":["Scroller"],"data":[["1","2","3","4","5","6","7","8","9"],["VE","RE","ERE","E200","KE","EKRE","ISAMAA","SDE","ROH"],[1,0.77,0.53,0.7,0.72,0.61,0.67,0.76,0.71],[0.77,1,0.51,0.8,0.77,0.65,0.72,0.81,0.69],[0.53,0.51,1,0.5,0.51,0.41,0.43,0.52,0.53],[0.7,0.8,0.5,1,0.69,0.67,0.68,0.76,0.68],[0.72,0.77,0.51,0.69,1,0.57,0.66,0.73,0.63],[0.61,0.65,0.41,0.67,0.57,1,0.57,0.66,0.57],[0.67,0.72,0.43,0.68,0.66,0.57,1,0.7,0.61],[0.76,0.81,0.52,0.76,0.73,0.66,0.7,1,0.71],[0.71,0.69,0.53,0.68,0.63,0.57,0.61,0.71,1]],"container":"<table class=\"display\">\n  <thead>\n    <tr>\n      <th> <\/th>\n      <th>///<\/th>\n      <th>VE<\/th>\n      <th>RE<\/th>\n      <th>ERE<\/th>\n      <th>E200<\/th>\n      <th>KE<\/th>\n      <th>EKRE<\/th>\n      <th>ISAMAA<\/th>\n      <th>SDE<\/th>\n      <th>ROH<\/th>\n    <\/tr>\n  <\/thead>\n<\/table>","options":{"deferRender":true,"scrollY":500,"scroller":true,"columnDefs":[{"className":"dt-right","targets":[2,3,4,5,6,7,8,9,10]},{"orderable":false,"targets":0}],"order":[],"autoWidth":false,"orderClasses":false}},"evals":[],"jsHooks":[]}</script>
